https://www.dingeo.dk/adresse/2930-klampenborg/strandvejen-417c/1-tv/
https://www.dingeo.dk/adresse/2930-klampenborg/strandvejen-401/
https://www.dingeo.dk/adresse/2930-klampenborg/strandvejen-417e/4-tv/
https://www.dingeo.dk/adresse/2930-klampenborg/klampenborgvej-35d/
https://www.dingeo.dk/adresse/2930-klampenborg/strandvejen-651a/
https://www.dingeo.dk/adresse/2930-klampenborg/dyrehavevej-37/
https://www.dingeo.dk/adresse/2930-klampenborg/emiliekildevej-57/
https://www.dingeo.dk/adresse/2930-klampenborg/christiansholms%20v%C3%A6nge-11/
https://www.dingeo.dk/adresse/2930-klampenborg/taarb%C3%A6k%20strandvej-34/
https://www.dingeo.dk/adresse/2930-klampenborg/taarb%C3%A6kdalsvej-14/
https://www.dingeo.dk/adresse/2930-klampenborg/zicavej-3/
https://www.dingeo.dk/adresse/2930-klampenborg/strandvejen-417d/2-th/
https://www.dingeo.dk/adresse/2930-klampenborg/bellevuevej-5/1-tv/
https://www.dingeo.dk/adresse/2930-klampenborg/taarb%C3%A6k%20strandvej-59l/st-tv/
https://www.dingeo.dk/adresse/2930-klampenborg/taarb%C3%A6k%20strandvej-140/
https://www.dingeo.dk/adresse/2930-klampenborg/taarb%C3%A6k%20strandvej-55a/
https://www.dingeo.dk/adresse/2930-klampenborg/slotsalleen-11a/
https://www.dingeo.dk/adresse/2930-klampenborg/strandvejen-377a/
https://www.dingeo.dk/adresse/2930-klampenborg/kirkevej-1b/
https://www.dingeo.dk/adresse/2930-klampenborg/taarb%C3%A6kdalsvej-1c/st-1/
https://www.dingeo.dk/adresse/2930-klampenborg/kr%C3%B8yersvej-29/
https://www.dingeo.dk/adresse/2930-klampenborg/strandvejen-417c/3-th/
https://www.dingeo.dk/adresse/2930-klampenborg/dyrehavevej-26/
https://www.dingeo.dk/adresse/2930-klampenborg/schimmelmannsvej-19/
https://www.dingeo.dk/adresse/2930-klampenborg/zicavej-6/
https://www.dingeo.dk/adresse/2930-klampenborg/christiansholms%20tv%C3%A6rvej-14/
https://www.dingeo.dk/adresse/2930-klampenborg/strandvejen-417a/1-tv/
https://www.dingeo.dk/adresse/2930-klampenborg/vitus%20berings%20alle-14/
https://www.dingeo.dk/adresse/2930-klampenborg/skovvej-8a/2-/
https://www.dingeo.dk/adresse/2930-klampenborg/bellevuevej-7/2-tv/
https://www.dingeo.dk/adresse/2930-klampenborg/taarb%C3%A6kdalsvej-1c/st-3/
https://www.dingeo.dk/adresse/2930-klampenborg/strandvejen-697c/
https://www.dingeo.dk/adresse/2930-klampenborg/christiansholms%20parkvej-18/
https://www.dingeo.dk/adresse/2930-klampenborg/taarb%C3%A6k%20strandvej-65c/
https://www.dingeo.dk/adresse/2930-klampenborg/strandvejen-300a/
https://www.dingeo.dk/adresse/2930-klampenborg/klampenborgvej-6a/
https://www.dingeo.dk/adresse/2930-klampenborg/strandvejen-623/
https://www.dingeo.dk/adresse/2930-klampenborg/strandvejen-413b/
https://www.dingeo.dk/adresse/2930-klampenborg/exnersvej-29/
https://www.dingeo.dk/adresse/2930-klampenborg/christiansholmsvej-2/
https://www.dingeo.dk/adresse/2930-klampenborg/borgmester%20j%C3%B8rgensens%20vej-9/
https://www.dingeo.dk/adresse/2930-klampenborg/rosavej-10b/
https://www.dingeo.dk/adresse/2930-klampenborg/strandvejen-417d/3-tv/
https://www.dingeo.dk/adresse/2930-klampenborg/christiansholms%20parkvej-12/
https://www.dingeo.dk/adresse/2930-klampenborg/taarb%C3%A6k%20strandvej-116/
https://www.dingeo.dk/adresse/2930-klampenborg/taarb%C3%A6k%20strandvej-105l/
https://www.dingeo.dk/adresse/2930-klampenborg/skovvej-7/1-/
https://www.dingeo.dk/adresse/2930-klampenborg/klampenborgvej-50/
https://www.dingeo.dk/adresse/2930-klampenborg/hurdlevej-5/
https://www.dingeo.dk/adresse/2930-klampenborg/edelslundsvej-1a/3-th/
https://www.dingeo.dk/adresse/2930-klampenborg/strandvejen-322/
https://www.dingeo.dk/adresse/2930-klampenborg/skovvej-2/2-th/
https://www.dingeo.dk/adresse/2930-klampenborg/fabritius%20alle-8/